prior mean for user 0 is:
0.447429 
0.443349 
0.449134 
0.447103 
0.447312 
0.449171 
0.450157 
0.450312 
0.448257 
0.445765 
0.463038 
0.452326 
0.451758 
0.453454 
0.453714 
0.455437 
0.449794 
0.452325 
0.446829 
0.454548 
0.505678 
0.510117 
0.516981 
0.512521 
0.512228 
0.513388 
0.509254 
0.517789 
0.516767 
0.511991 
0.531859 
0.538149 
0.531667 
0.537345 
0.538704 
0.536433 
0.532117 
0.533902 
0.527121 
0.534005 
0.507695 
0.506542 
0.501465 
0.495107 
0.505727 
0.494894 
0.503915 
0.500102 
0.503493 
0.506153 
0.577192 
0.575423 
0.571953 
0.571709 
0.577885 
0.564442 
0.572816 
0.571952 
0.569324 
0.572838 
0.422883 
0.427094 
0.422523 
0.425009 
0.42712 
0.423288 
0.425864 
0.425929 
0.422431 
0.416546 
0.564595 
0.563492 
0.563518 
0.566941 
0.565613 
0.563691 
0.574054 
0.561382 
0.56176 
0.567833 
0.537925 
0.535252 
0.54195 
0.548103 
0.544246 
0.542073 
0.540986 
0.540711 
0.542474 
0.544234 
0.506402 
0.509404 
0.514023 
0.51545 
0.516148 
0.521696 
0.511617 
0.515744 
0.509121 
0.507278 


-----------------------------------------------
kernel matrix for user 0 is:
0.5 0.498941 0.499845 0.499568 0.496665 0.499225 0.498105 0.499528 0.49877 0.496158 0.300891 0.298087 0.304182 0.292861 0.3055 0.297546 0.301871 0.299091 0.301545 0.294458 0.345631 0.340012 0.344235 0.340714 0.34701 0.342859 0.353079 0.351159 0.348971 0.339602 0.306922 0.300823 0.312943 0.305398 0.308863 0.306933 0.307957 0.311321 0.315518 0.289331 0.406233 0.413739 0.417989 0.413566 0.4108 0.42112 0.414786 0.418047 0.415412 0.404672 0.264706 0.272936 0.271067 0.271548 0.268679 0.287807 0.28212 0.2789 0.285872 0.280718 0.409231 0.411194 0.41183 0.403637 0.406259 0.403584 0.412625 0.403468 0.402582 0.40986 0.335727 0.337038 0.332989 0.332613 0.331927 0.333597 0.327785 0.346144 0.333509 0.329354 0.273883 0.279363 0.27565 0.27332 0.270236 0.266226 0.263489 0.264646 0.265667 0.278634 0.334462 0.331612 0.323842 0.339735 0.341806 0.329751 0.336429 0.33188 0.336179 0.329861 
0.498941 0.5 0.498465 0.499313 0.497957 0.499201 0.498676 0.49907 0.499243 0.495907 0.306535 0.304283 0.310117 0.298733 0.311518 0.303314 0.307959 0.30487 0.306969 0.300317 0.358132 0.352205 0.356388 0.35259 0.358355 0.355138 0.365096 0.36224 0.36094 0.351521 0.302261 0.296152 0.308489 0.301486 0.305403 0.302875 0.303775 0.307013 0.311062 0.284975 0.407236 0.415345 0.420001 0.415028 0.412828 0.423776 0.416177 0.419365 0.417923 0.406595 0.265595 0.273928 0.271254 0.272314 0.269355 0.289382 0.282546 0.279578 0.287184 0.281549 0.421873 0.422962 0.423907 0.415678 0.418058 0.416004 0.4245 0.415918 0.414825 0.422295 0.3417 0.343081 0.338444 0.338062 0.337242 0.339006 0.332349 0.351328 0.339573 0.334867 0.277256 0.282859 0.279079 0.275869 0.273469 0.269275 0.266699 0.268027 0.268287 0.281598 0.345526 0.342546 0.334788 0.350098 0.352191 0.339499 0.34692 0.342297 0.347118 0.340924 
0.499845 0.498465 0.5 0.499358 0.496958 0.49915 0.498346 0.499437 0.498602 0.496547 0.300558 0.297962 0.304 0.29248 0.305425 0.297082 0.301594 0.298523 0.301336 0.294037 0.343208 0.337628 0.341937 0.338396 0.344271 0.340461 0.350724 0.348726 0.346884 0.336878 0.306493 0.300441 0.312621 0.305132 0.308256 0.306595 0.307422 0.310902 0.315172 0.28901 0.407633 0.415014 0.419132 0.414671 0.41224 0.422058 0.41607 0.419358 0.416514 0.406162 0.26366 0.271867 0.269826 0.270436 0.267633 0.286422 0.280982 0.277674 0.284605 0.279575 0.405292 0.407165 0.407745 0.399386 0.402602 0.399496 0.408652 0.399403 0.398229 0.40568 0.336442 0.337725 0.333892 0.333239 0.33256 0.334391 0.328581 0.346988 0.333895 0.329757 0.271228 0.276438 0.273047 0.270811 0.267539 0.26366 0.260792 0.261966 0.262914 0.276086 0.331792 0.329184 0.321507 0.337551 0.339605 0.327434 0.334147 0.329674 0.333863 0.327428 
0.499568 0.499313 0.499358 0.5 0.497878 0.499376 0.498506 0.499239 0.499454 0.497861 0.294952 0.292258 0.29827 0.286855 0.29962 0.29145 0.295881 0.292986 0.29514 0.288368 0.350189 0.344773 0.349241 0.34537 0.351021 0.347509 0.357498 0.355831 0.353685 0.344102 0.306612 0.300597 0.313008 0.305805 0.308949 0.307146 0.307871 0.311467 0.315294 0.289254 0.407645 0.414928 0.41992 0.414684 0.412437 0.423332 0.416082 0.419217 0.417454 0.40643 0.263082 0.27169 0.2692 0.269814 0.267149 0.286501 0.280079 0.277147 0.284302 0.279094 0.417605 0.419402 0.419952 0.412048 0.414759 0.412078 0.420832 0.412085 0.410883 0.417947 0.342368 0.343695 0.339449 0.338976 0.338604 0.340481 0.334353 0.35284 0.340471 0.33586 0.269373 0.275115 0.271411 0.268748 0.26596 0.261862 0.258986 0.260601 0.260904 0.27418 0.338669 0.335438 0.327963 0.343799 0.34561 0.333394 0.339913 0.335523 0.340066 0.334032 
0.496665 0.497957 0.496958 0.497878 0.5 0.498747 0.498831 0.497858 0.498915 0.497717 0.303179 0.30108 0.30692 0.295046 0.308539 0.2993 0.304108 0.300368 0.303095 0.296371 0.360981 0.356298 0.360085 0.356397 0.360397 0.358173 0.368599 0.365555 0.364935 0.354087 0.305801 0.299267 0.312801 0.306174 0.308432 0.307213 0.307754 0.310575 0.314641 0.288911 0.421479 0.428542 0.433585 0.428424 0.427201 0.437462 0.429657 0.432849 0.431555 0.421482 0.269768 0.278547 0.27471 0.276336 0.273605 0.293024 0.285732 0.283001 0.290593 0.285337 0.417329 0.417607 0.418406 0.41004 0.413029 0.41081 0.419492 0.411243 0.408994 0.416647 0.355966 0.357439 0.353855 0.352347 0.351727 0.353718 0.346917 0.365661 0.353445 0.348648 0.262589 0.267697 0.265213 0.261716 0.259284 0.255467 0.252108 0.253677 0.253606 0.267719 0.342122 0.339208 0.331916 0.347087 0.349573 0.336262 0.343495 0.339208 0.344326 0.337676 
0.499225 0.499201 0.49915 0.499376 0.498747 0.5 0.498996 0.499831 0.499636 0.49679 0.306388 0.303314 0.309446 0.298089 0.310827 0.302702 0.30682 0.303965 0.306264 0.299605 0.356891 0.352037 0.355807 0.35237 0.358172 0.354251 0.364794 0.362447 0.360569 0.351047 0.31096 0.304442 0.317345 0.310105 0.313225 0.311525 0.312635 0.315295 0.319444 0.293405 0.417824 0.42512 0.42946 0.425039 0.422721 0.432963 0.426144 0.429328 0.427188 0.416766 0.274546 0.283028 0.280433 0.281356 0.278476 0.297865 0.291455 0.288448 0.295674 0.290457 0.412517 0.413784 0.414456 0.406291 0.408324 0.406411 0.415428 0.406691 0.405353 0.412546 0.348031 0.349476 0.345743 0.345064 0.344214 0.345662 0.33977 0.35793 0.34578 0.341692 0.272723 0.278098 0.275028 0.272175 0.269417 0.265395 0.262338 0.263441 0.264453 0.277894 0.340429 0.337475 0.329799 0.345234 0.347878 0.335354 0.342079 0.33761 0.342291 0.335572 
0.498105 0.498676 0.498346 0.498506 0.498831 0.498996 0.5 0.498561 0.499343 0.496497 0.305158 0.303215 0.308631 0.297071 0.310651 0.301659 0.306433 0.302391 0.305668 0.298943 0.361226 0.355087 0.35913 0.356077 0.360134 0.357867 0.367552 0.364933 0.364307 0.353374 0.312471 0.306665 0.318981 0.312388 0.315664 0.313517 0.313674 0.317468 0.32169 0.295672 0.41716 0.424835 0.429132 0.423742 0.422456 0.431285 0.42554 0.428385 0.426967 0.416818 0.268 0.276723 0.273246 0.274598 0.271928 0.291196 0.284711 0.281769 0.289326 0.283881 0.412891 0.413732 0.414803 0.406227 0.40925 0.406634 0.415168 0.406889 0.404492 0.412534 0.351957 0.353085 0.349146 0.348007 0.347275 0.349699 0.342357 0.361868 0.349011 0.344208 0.277096 0.282204 0.279581 0.276332 0.273547 0.270159 0.26648 0.268496 0.267996 0.282172 0.349498 0.347147 0.339661 0.355108 0.357241 0.344598 0.351892 0.347498 0.352019 0.345542 
0.499528 0.49907 0.499437 0.499239 0.497858 0.499831 0.498561 0.5 0.499123 0.495789 0.309497 0.306281 0.312482 0.301158 0.31378 0.305815 0.309893 0.307228 0.309405 0.302659 0.353882 0.348903 0.352887 0.349253 0.355627 0.351416 0.362005 0.359599 0.357717 0.348245 0.30877 0.302326 0.314951 0.30757 0.311022 0.309103 0.310333 0.312965 0.317146 0.291014 0.415016 0.422588 0.42652 0.422299 0.419942 0.430043 0.423501 0.42675 0.42426 0.413748 0.27496 0.283159 0.280926 0.28177 0.278827 0.298126 0.292181 0.288942 0.296122 0.290911 0.409459 0.410955 0.411515 0.403302 0.405527 0.403404 0.412588 0.403557 0.402522 0.409614 0.343952 0.345409 0.341524 0.34108 0.340042 0.34133 0.335835 0.353807 0.34154 0.337712 0.275991 0.281261 0.27803 0.275458 0.272515 0.268309 0.265568 0.266327 0.267775 0.281026 0.338012 0.335249 0.327465 0.343069 0.345742 0.333299 0.340038 0.335522 0.339981 0.33317 
0.49877 0.499243 0.498602 0.499454 0.498915 0.499636 0.499343 0.499123 0.5 0.497544 0.299396 0.296608 0.30246 0.291188 0.304067 0.295852 0.300058 0.296889 0.299337 0.292901 0.360812 0.355521 0.359335 0.356172 0.361148 0.357792 0.367797 0.365902 0.363944 0.354362 0.314829 0.308627 0.321361 0.314419 0.317503 0.315674 0.316362 0.319651 0.323619 0.297656 0.417329 0.424481 0.429386 0.424232 0.422085 0.432321 0.42553 0.428447 0.427066 0.416461 0.270686 0.279609 0.276581 0.277459 0.274772 0.294312 0.287406 0.284703 0.292019 0.28669 0.41817 0.41943 0.420293 0.412283 0.414156 0.412274 0.420868 0.412625 0.41084 0.418166 0.351964 0.353253 0.34937 0.348606 0.348121 0.350041 0.343337 0.362073 0.349965 0.345325 0.272686 0.278373 0.275259 0.272111 0.269548 0.265826 0.262317 0.264203 0.264231 0.277917 0.34718 0.344002 0.336508 0.351857 0.354102 0.341774 0.348397 0.344002 0.348783 0.34248 
0.496158 0.495907 0.496547 0.497861 0.497717 0.49679 0.496497 0.495789 0.497544 0.5 0.27637 0.274324 0.280261 0.268384 0.281703 0.272577 0.277476 0.273962 0.276659 0.269593 0.342496 0.337861 0.342366 0.338367 0.342066 0.339807 0.349788 0.34865 0.346679 0.335949 0.304178 0.298091 0.311384 0.304477 0.305636 0.305372 0.30545 0.309488 0.313089 0.287539 0.409132 0.415054 0.421423 0.415402 0.413741 0.425054 0.41683 0.420021 0.418652 0.408323 0.252111 0.261291 0.257911 0.258666 0.256386 0.275047 0.268039 0.265533 0.27246 0.267714 0.41787 0.41934 0.419714 0.41197 0.415842 0.412341 0.420936 0.412557 0.410412 0.417624 0.347392 0.34871 0.345191 0.343664 0.344181 0.346763 0.340137 0.358702 0.345737 0.340377 0.246488 0.252142 0.249018 0.246186 0.243463 0.239782 0.236305 0.238675 0.237956 0.251612 0.329616 0.325974 0.319161 0.335116 0.336421 0.323948 0.33009 0.326079 0.330946 0.32529 
0.300891 0.306535 0.300558 0.294952 0.303179 0.306388 0.305158 0.309497 0.299396 0.27637 0.5 0.497904 0.49859 0.499149 0.498261 0.499415 0.498014 0.498929 0.497203 0.498936 0.291968 0.288578 0.286695 0.284537 0.296722 0.291624 0.302967 0.284127 0.294496 0.28853 0.160409 0.154189 0.162002 0.157868 0.166393 0.160137 0.164287 0.1589 0.164254 0.147604 0.295702 0.310127 0.300068 0.306675 0.307326 0.306273 0.30564 0.309139 0.303739 0.299079 0.296258 0.290396 0.290269 0.2993 0.291597 0.306369 0.307237 0.299976 0.309164 0.302087 0.21666 0.212425 0.214104 0.20555 0.205025 0.208156 0.215276 0.208254 0.209308 0.215493 0.211455 0.213646 0.210343 0.211199 0.202718 0.198907 0.19779 0.207929 0.203804 0.206573 0.303118 0.296576 0.30011 0.295601 0.295246 0.289116 0.295347 0.279935 0.295533 0.302094 0.237614 0.242729 0.23377 0.238897 0.248992 0.235595 0.248219 0.243058 0.245994 0.234127 
0.298087 0.304283 0.297962 0.292258 0.30108 0.303314 0.303215 0.306281 0.296608 0.274324 0.497904 0.5 0.499547 0.499004 0.499782 0.498516 0.499778 0.498122 0.498806 0.498743 0.283376 0.278662 0.276974 0.274908 0.285428 0.28211 0.292934 0.273342 0.28503 0.277781 0.151038 0.145203 0.152711 0.148794 0.156848 0.150843 0.154438 0.149888 0.155341 0.138997 0.285073 0.299664 0.290175 0.296387 0.297238 0.296236 0.295285 0.298971 0.293699 0.289103 0.272447 0.267311 0.266499 0.275572 0.268056 0.283131 0.283357 0.27635 0.285738 0.278558 0.215285 0.210536 0.212567 0.203559 0.204089 0.206633 0.213443 0.20644 0.207221 0.214232 0.202349 0.204381 0.200972 0.201264 0.193208 0.190218 0.187993 0.19913 0.194508 0.196425 0.294694 0.287804 0.291143 0.286092 0.285828 0.28039 0.286511 0.27199 0.285652 0.292625 0.2332 0.238718 0.229798 0.234872 0.244302 0.230459 0.244161 0.238899 0.241996 0.230551 
0.304182 0.310117 0.304 0.29827 0.30692 0.309446 0.308631 0.312482 0.30246 0.280261 0.49859 0.499547 0.5 0.499219 0.499691 0.498839 0.499635 0.498939 0.498954 0.498611 0.28463 0.280555 0.278781 0.276538 0.287736 0.283649 0.295023 0.275698 0.286688 0.279876 0.154203 0.148058 0.155937 0.151748 0.159689 0.153885 0.157769 0.152887 0.158394 0.141761 0.29087 0.305301 0.295888 0.302509 0.302909 0.302543 0.301102 0.304988 0.299319 0.294614 0.278876 0.273636 0.273272 0.282177 0.27449 0.289705 0.28996 0.282874 0.292107 0.285065 0.219207 0.214571 0.216488 0.207487 0.207793 0.210498 0.217582 0.210332 0.211374 0.218241 0.205243 0.207399 0.204113 0.204472 0.196401 0.193135 0.191309 0.202198 0.197604 0.199707 0.292253 0.285823 0.288826 0.284045 0.28367 0.277916 0.284054 0.269425 0.283678 0.290555 0.232548 0.237643 0.228663 0.234033 0.243551 0.229693 0.243042 0.237761 0.240993 0.2295 
0.292861 0.298733 0.29248 0.286855 0.295046 0.298089 0.297071 0.301158 0.291188 0.268384 0.499149 0.499004 0.499219 0.5 0.498801 0.499787 0.499195 0.499475 0.498803 0.499702 0.281362 0.277467 0.275173 0.273459 0.285185 0.280406 0.29158 0.272336 0.28294 0.277219 0.151863 0.145763 0.153317 0.149211 0.157447 0.151415 0.155495 0.150309 0.155769 0.139614 0.283738 0.29805 0.288293 0.295281 0.295328 0.29459 0.293726 0.29739 0.291799 0.287258 0.281134 0.275322 0.275421 0.284309 0.276443 0.291316 0.291906 0.284846 0.293905 0.286814 0.210319 0.205854 0.207792 0.199144 0.198712 0.201869 0.208714 0.201792 0.202946 0.20947 0.199098 0.201205 0.198028 0.198643 0.190511 0.187028 0.185411 0.195744 0.191703 0.194087 0.294998 0.288303 0.291533 0.286732 0.28662 0.280948 0.287297 0.27199 0.287173 0.293239 0.228958 0.234092 0.225107 0.229867 0.239663 0.226343 0.239406 0.234139 0.237244 0.225739 
0.3055 0.311518 0.305425 0.29962 0.308539 0.310827 0.310651 0.31378 0.304067 0.281703 0.498261 0.499782 0.499691 0.498801 0.5 0.498568 0.499656 0.498029 0.498937 0.498647 0.288629 0.284054 0.282289 0.280343 0.290921 0.287345 0.298419 0.279008 0.290439 0.283104 0.157297 0.151264 0.159048 0.154982 0.16309 0.157082 0.160781 0.15609 0.161687 0.144908 0.293489 0.308057 0.298512 0.304834 0.305576 0.304517 0.303709 0.307427 0.301974 0.297428 0.278735 0.273784 0.272978 0.281995 0.274459 0.289625 0.289864 0.282837 0.292197 0.285057 0.219931 0.21524 0.217264 0.208155 0.208597 0.211172 0.218168 0.211043 0.211759 0.218842 0.208624 0.210687 0.207382 0.207623 0.199494 0.196447 0.194229 0.205531 0.200699 0.202687 0.297182 0.290505 0.293921 0.288945 0.288522 0.283163 0.288899 0.274606 0.288294 0.295555 0.237756 0.243191 0.234178 0.239499 0.249051 0.235115 0.248733 0.243436 0.24658 0.234975 
0.297546 0.303314 0.297082 0.29145 0.2993 0.302702 0.301659 0.305815 0.295852 0.272577 0.499415 0.498516 0.498839 0.499787 0.498568 0.5 0.498936 0.499463 0.498665 0.499856 0.286999 0.282977 0.280631 0.279119 0.291133 0.285988 0.29714 0.278131 0.288422 0.28296 0.157581 0.151406 0.158988 0.154793 0.163372 0.157076 0.161262 0.15599 0.161531 0.145039 0.288614 0.303011 0.293163 0.300096 0.300005 0.299148 0.298625 0.302183 0.296635 0.291956 0.286949 0.281245 0.28148 0.290216 0.282347 0.29738 0.298047 0.290982 0.300045 0.292862 0.213941 0.209614 0.211576 0.202916 0.202197 0.205495 0.212409 0.205465 0.206616 0.213127 0.203475 0.205561 0.202327 0.203086 0.194878 0.191338 0.189698 0.200161 0.196087 0.198546 0.302709 0.296109 0.299352 0.294584 0.294451 0.288812 0.295039 0.279685 0.295111 0.301135 0.234966 0.240111 0.230984 0.235807 0.245754 0.232518 0.245526 0.240192 0.243248 0.231615 
0.301871 0.307959 0.301594 0.295881 0.304108 0.30682 0.306433 0.309893 0.300058 0.277476 0.498014 0.499778 0.499635 0.499195 0.499656 0.498936 0.5 0.498821 0.499299 0.499027 0.284014 0.279186 0.277427 0.275465 0.286463 0.282643 0.293564 0.274179 0.285372 0.278633 0.153072 0.147146 0.154672 0.150575 0.158794 0.152702 0.156455 0.151855 0.157388 0.140825 0.285645 0.300248 0.290895 0.29726 0.297594 0.297035 0.29596 0.299708 0.29428 0.289413 0.273183 0.268106 0.267741 0.276502 0.268878 0.284251 0.284466 0.277466 0.286764 0.279537 0.218287 0.213648 0.215732 0.206679 0.206973 0.209663 0.216544 0.209413 0.210414 0.21746 0.201748 0.203781 0.200319 0.200743 0.19278 0.189758 0.187535 0.198742 0.194141 0.196024 0.297961 0.291297 0.294221 0.289255 0.289016 0.28351 0.289793 0.275134 0.289129 0.295759 0.234628 0.239971 0.230892 0.236068 0.245471 0.231727 0.245412 0.240039 0.243187 0.231808 
0.299091 0.30487 0.298523 0.292986 0.300368 0.303965 0.302391 0.307228 0.296889 0.273962 0.498929 0.498122 0.498939 0.499475 0.498029 0.499463 0.498821 0.5 0.498198 0.498957 0.282469 0.278614 0.276755 0.274493 0.287033 0.281797 0.293111 0.274187 0.284266 0.278905 0.152697 0.146562 0.154161 0.149872 0.158246 0.152145 0.156339 0.151211 0.156566 0.140133 0.284276 0.298692 0.289229 0.296029 0.295842 0.296 0.294481 0.298257 0.292647 0.287488 0.282477 0.276689 0.277246 0.285791 0.277902 0.293239 0.293797 0.286629 0.295699 0.288552 0.216643 0.212347 0.214177 0.205515 0.205062 0.208226 0.215254 0.208047 0.209584 0.215963 0.199853 0.202021 0.19855 0.199447 0.19139 0.187789 0.186447 0.196733 0.192716 0.195082 0.298407 0.292097 0.294577 0.290055 0.289915 0.283641 0.290609 0.274995 0.29063 0.296393 0.230651 0.23549 0.226414 0.23154 0.241189 0.227856 0.240779 0.235456 0.238572 0.227181 
0.301545 0.306969 0.301336 0.29514 0.303095 0.306264 0.305668 0.309405 0.299337 0.276659 0.497203 0.498806 0.498954 0.498803 0.498937 0.498665 0.499299 0.498198 0.5 0.498851 0.27802 0.273311 0.27085 0.269791 0.280836 0.27623 0.287457 0.268471 0.278911 0.272694 0.155796 0.149604 0.157219 0.152825 0.160927 0.155057 0.159096 0.154178 0.160086 0.143452 0.286464 0.300704 0.291113 0.298443 0.29779 0.296929 0.296584 0.300464 0.294182 0.289867 0.273045 0.267886 0.268241 0.27665 0.268778 0.283739 0.284457 0.277455 0.28625 0.279287 0.212477 0.208029 0.210235 0.201167 0.20111 0.203928 0.210874 0.203694 0.204728 0.211929 0.197445 0.19943 0.19651 0.19674 0.18893 0.185927 0.183668 0.194798 0.189991 0.191989 0.294396 0.287727 0.290783 0.286064 0.285564 0.280708 0.286418 0.271808 0.286323 0.292556 0.229206 0.23443 0.225225 0.230405 0.239869 0.226492 0.239962 0.234506 0.23767 0.226305 
0.294458 0.300317 0.294037 0.288368 0.296371 0.299605 0.298943 0.302659 0.292901 0.269593 0.498936 0.498743 0.498611 0.499702 0.498647 0.499856 0.499027 0.498957 0.498851 0.5 0.285741 0.281385 0.278894 0.277689 0.289266 0.284444 0.295371 0.276212 0.286798 0.281182 0.156454 0.150383 0.157813 0.153719 0.162315 0.155964 0.160041 0.154885 0.160483 0.144128 0.28607 0.300484 0.290587 0.297492 0.29745 0.296224 0.296042 0.299528 0.294057 0.28955 0.28318 0.277568 0.277623 0.286418 0.278587 0.293522 0.294162 0.287178 0.296257 0.289033 0.211259 0.206855 0.208927 0.200234 0.199569 0.202828 0.209599 0.202789 0.203787 0.210447 0.201435 0.203449 0.200264 0.200913 0.192745 0.189373 0.187449 0.198082 0.193965 0.196311 0.302897 0.29607 0.299536 0.294589 0.294512 0.289219 0.295261 0.280054 0.295145 0.301194 0.234675 0.240021 0.230894 0.235522 0.245444 0.232243 0.245457 0.240106 0.243137 0.231529 
0.345631 0.358132 0.343208 0.350189 0.360981 0.356891 0.361226 0.353882 0.360812 0.342496 0.291968 0.283376 0.28463 0.281362 0.288629 0.286999 0.284014 0.282469 0.27802 0.285741 0.5 0.498385 0.49769 0.499074 0.496734 0.499126 0.497998 0.496513 0.498127 0.497556 0.316713 0.313793 0.322481 0.325384 0.336819 0.325278 0.324295 0.323521 0.322125 0.305885 0.398982 0.408184 0.409382 0.398582 0.405895 0.406617 0.404042 0.400394 0.413897 0.40386 0.34957 0.360214 0.34618 0.351967 0.352104 0.372384 0.356568 0.358846 0.370247 0.361305 0.370879 0.367467 0.369332 0.366552 0.355184 0.364901 0.367225 0.369724 0.363259 0.364934 0.430713 0.431043 0.424074 0.427835 0.423248 0.421962 0.41279 0.424701 0.430075 0.427564 0.332689 0.339082 0.342884 0.332103 0.336958 0.333848 0.326125 0.331294 0.325462 0.341542 0.463772 0.461309 0.458777 0.457533 0.465569 0.458723 0.460251 0.459215 0.463964 0.457391 
0.340012 0.352205 0.337628 0.344773 0.356298 0.352037 0.355087 0.348903 0.355521 0.337861 0.288578 0.278662 0.280555 0.277467 0.284054 0.282977 0.279186 0.278614 0.273311 0.281385 0.498385 0.5 0.498531 0.49951 0.498242 0.498983 0.499067 0.498214 0.498366 0.499182 0.317152 0.313365 0.323196 0.325962 0.336414 0.325923 0.325715 0.323313 0.321572 0.305956 0.405619 0.413806 0.41508 0.404841 0.41212 0.413396 0.409924 0.406256 0.419804 0.410255 0.364501 0.375197 0.360798 0.366636 0.366997 0.386608 0.370102 0.372877 0.383894 0.375457 0.364827 0.361477 0.362814 0.360574 0.34835 0.358771 0.361537 0.363976 0.35789 0.35858 0.437633 0.438386 0.432346 0.436257 0.431497 0.428842 0.421648 0.430918 0.437811 0.436458 0.317644 0.324094 0.328112 0.317833 0.322528 0.318777 0.311342 0.315474 0.311495 0.327229 0.450244 0.446918 0.444481 0.443318 0.452347 0.445297 0.445663 0.444804 0.44992 0.44263 
0.344235 0.356388 0.341937 0.349241 0.360085 0.355807 0.35913 0.352887 0.359335 0.342366 0.286695 0.276974 0.278781 0.275173 0.282289 0.280631 0.277427 0.276755 0.27085 0.278894 0.49769 0.498531 0.5 0.498285 0.497117 0.499513 0.498732 0.498578 0.499622 0.498259 0.309883 0.306944 0.316197 0.319161 0.329924 0.319006 0.317992 0.316965 0.314554 0.298337 0.400722 0.409579 0.410997 0.399058 0.408011 0.409504 0.405489 0.401782 0.415894 0.405413 0.358534 0.369144 0.35439 0.360316 0.361188 0.38085 0.364972 0.367146 0.378613 0.370082 0.3733 0.37042 0.371106 0.369188 0.358544 0.367623 0.370347 0.372688 0.366463 0.366482 0.442762 0.443443 0.435862 0.440431 0.435775 0.433514 0.427018 0.436276 0.44248 0.440767 0.323212 0.329713 0.333292 0.323488 0.327867 0.323119 0.316552 0.320826 0.316102 0.332408 0.45499 0.451944 0.450145 0.450193 0.45814 0.450937 0.450882 0.450472 0.454801 0.447973 
0.340714 0.35259 0.338396 0.34537 0.356397 0.35237 0.356077 0.349253 0.356172 0.338367 0.284537 0.274908 0.276538 0.273459 0.280343 0.279119 0.275465 0.274493 0.269791 0.277689 0.499074 0.49951 0.498285 0.5 0.497874 0.499054 0.498322 0.498326 0.498372 0.498686 0.32459 0.321433 0.330517 0.333665 0.344511 0.333514 0.332744 0.331161 0.329287 0.313833 0.405043 0.413233 0.41442 0.403702 0.411097 0.411437 0.409234 0.405274 0.418946 0.409526 0.360634 0.371694 0.357287 0.36283 0.363414 0.382755 0.366742 0.369495 0.380399 0.371944 0.363342 0.360315 0.361799 0.359491 0.347446 0.357472 0.360094 0.362655 0.356169 0.357147 0.439185 0.439586 0.433497 0.437393 0.432884 0.430893 0.422921 0.432917 0.439133 0.437474 0.323982 0.330533 0.334796 0.324506 0.329086 0.325941 0.317754 0.322785 0.317839 0.333848 0.457511 0.454491 0.45227 0.451054 0.459665 0.453414 0.453396 0.452685 0.457342 0.450404 
0.34701 0.358355 0.344271 0.351021 0.360397 0.358172 0.360134 0.355627 0.361148 0.342066 0.296722 0.285428 0.287736 0.285185 0.290921 0.291133 0.286463 0.287033 0.280836 0.289266 0.496734 0.498242 0.497117 0.497874 0.5 0.497893 0.498563 0.498643 0.496811 0.499522 0.324343 0.320485 0.32975 0.331808 0.343512 0.332259 0.332844 0.330034 0.328237 0.312095 0.406037 0.414637 0.415217 0.40572 0.411862 0.413599 0.410687 0.407137 0.419693 0.409463 0.376984 0.387173 0.374406 0.379352 0.379545 0.399307 0.383794 0.386233 0.396887 0.388395 0.365827 0.363497 0.364581 0.36252 0.349488 0.36013 0.363402 0.365153 0.360138 0.360259 0.43111 0.431964 0.425534 0.43063 0.425533 0.422037 0.416394 0.425054 0.431629 0.431251 0.334608 0.34152 0.344875 0.335251 0.339846 0.335466 0.3286 0.331908 0.329558 0.34438 0.450814 0.447303 0.444163 0.443787 0.453111 0.446883 0.446564 0.445379 0.44993 0.442383 
0.342859 0.355138 0.340461 0.347509 0.358173 0.354251 0.357867 0.351416 0.357792 0.339807 0.291624 0.28211 0.283649 0.280406 0.287345 0.285988 0.282643 0.281797 0.27623 0.284444 0.499126 0.498983 0.499513 0.499054 0.497893 0.5 0.49904 0.498142 0.499471 0.498782 0.311217 0.308283 0.31715 0.320067 0.331433 0.320014 0.319162 0.318039 0.316059 0.299876 0.398425 0.407626 0.408631 0.397356 0.405617 0.406642 0.403389 0.399693 0.413471 0.403146 0.357547 0.367929 0.353555 0.359496 0.360021 0.37992 0.364184 0.36635 0.377843 0.369053 0.369751 0.366676 0.367832 0.365557 0.354485 0.363937 0.366536 0.368875 0.362725 0.363343 0.4356 0.436163 0.42873 0.433187 0.428306 0.426214 0.418877 0.42903 0.43507 0.433298 0.330635 0.337011 0.340756 0.330526 0.335206 0.330993 0.32412 0.328487 0.323604 0.339669 0.458446 0.455796 0.453614 0.452938 0.46115 0.454187 0.454788 0.454093 0.458478 0.4516 
0.353079 0.365096 0.350724 0.357498 0.368599 0.364794 0.367552 0.362005 0.367797 0.349788 0.302967 0.292934 0.295023 0.29158 0.298419 0.29714 0.293564 0.293111 0.287457 0.295371 0.497998 0.499067 0.498732 0.498322 0.498563 0.49904 0.5 0.498265 0.499045 0.498684 0.315107 0.31115 0.321134 0.323223 0.333923 0.323404 0.323396 0.321155 0.319739 0.302932 0.410667 0.419631 0.420496 0.410419 0.417828 0.419548 0.415671 0.412431 0.425203 0.41515 0.368817 0.378903 0.365131 0.371091 0.37115 0.391195 0.375506 0.377517 0.38879 0.380236 0.372624 0.369438 0.370545 0.36788 0.356672 0.366373 0.369677 0.371275 0.36565 0.36647 0.436873 0.437818 0.431232 0.435305 0.430187 0.427407 0.420934 0.430702 0.436362 0.435187 0.327091 0.333267 0.336892 0.327004 0.331319 0.326848 0.320337 0.323585 0.320435 0.336251 0.449979 0.44709 0.444102 0.444334 0.453259 0.445306 0.446479 0.445312 0.450202 0.442475 
0.351159 0.36224 0.348726 0.355831 0.365555 0.362447 0.364933 0.359599 0.365902 0.34865 0.284127 0.273342 0.275698 0.272336 0.279008 0.278131 0.274179 0.274187 0.268471 0.276212 0.496513 0.498214 0.498578 0.498326 0.498643 0.498142 0.498265 0.5 0.49812 0.498734 0.329597 0.32631 0.335701 0.338295 0.349036 0.338352 0.337921 0.336252 0.333746 0.31766 0.41102 0.418969 0.420405 0.409265 0.416705 0.418269 0.415216 0.411386 0.424753 0.41455 0.370876 0.382018 0.368293 0.373107 0.374035 0.393288 0.377732 0.380237 0.390834 0.382731 0.372196 0.370197 0.370854 0.369132 0.357103 0.366756 0.36997 0.371982 0.366159 0.365955 0.445971 0.446633 0.440108 0.44494 0.440612 0.437822 0.4321 0.440558 0.446597 0.445627 0.325505 0.332623 0.336055 0.326861 0.330874 0.32651 0.319171 0.323539 0.319918 0.335699 0.453835 0.450023 0.447752 0.448362 0.456728 0.450586 0.44925 0.448644 0.452906 0.445874 
0.348971 0.36094 0.346884 0.353685 0.364935 0.360569 0.364307 0.357717 0.363944 0.346679 0.294496 0.28503 0.286688 0.28294 0.290439 0.288422 0.285372 0.284266 0.278911 0.286798 0.498127 0.498366 0.499622 0.498372 0.496811 0.499471 0.499045 0.49812 0.5 0.497535 0.312962 0.309975 0.319247 0.322122 0.332848 0.321975 0.320861 0.319897 0.317912 0.301375 0.406245 0.415328 0.416256 0.404625 0.413687 0.414323 0.411109 0.407471 0.421118 0.411094 0.360574 0.371002 0.356247 0.362437 0.363132 0.382611 0.367293 0.369169 0.380685 0.372152 0.371059 0.368023 0.368884 0.36638 0.356407 0.365029 0.368038 0.369973 0.363566 0.364266 0.443581 0.444195 0.436974 0.441058 0.436164 0.434188 0.427299 0.43727 0.442479 0.440819 0.327609 0.333619 0.337668 0.327855 0.331956 0.327569 0.32075 0.324914 0.320244 0.33687 0.455717 0.453358 0.451266 0.451633 0.459755 0.452158 0.452781 0.452207 0.456411 0.44915 
0.339602 0.351521 0.336878 0.344102 0.354087 0.351047 0.353374 0.348245 0.354362 0.335949 0.28853 0.277781 0.279876 0.277219 0.283104 0.28296 0.278633 0.278905 0.272694 0.281182 0.497556 0.499182 0.498259 0.498686 0.499522 0.498782 0.498684 0.498734 0.497535 0.5 0.317147 0.31352 0.322802 0.325321 0.336722 0.32554 0.325726 0.323239 0.321156 0.305452 0.399868 0.408354 0.409452 0.399279 0.40605 0.407999 0.404414 0.400737 0.414126 0.403805 0.368651 0.379092 0.365533 0.370788 0.371192 0.391055 0.374803 0.377519 0.388422 0.379851 0.366339 0.363643 0.364739 0.362969 0.349976 0.360737 0.363521 0.365878 0.360491 0.360432 0.43219 0.433 0.42627 0.431257 0.426384 0.423154 0.416988 0.425605 0.43294 0.432046 0.326568 0.333546 0.336914 0.32692 0.331822 0.327448 0.320566 0.324359 0.321038 0.3361 0.451569 0.447861 0.445278 0.444222 0.453231 0.446952 0.446577 0.445675 0.450441 0.44335 
0.306922 0.302261 0.306493 0.306612 0.305801 0.31096 0.312471 0.30877 0.314829 0.304178 0.160409 0.151038 0.154203 0.151863 0.157297 0.157581 0.153072 0.152697 0.155796 0.156454 0.316713 0.317152 0.309883 0.32459 0.324343 0.311217 0.315107 0.329597 0.312962 0.317147 0.5 0.499105 0.499592 0.498733 0.497606 0.499284 0.499426 0.499157 0.499376 0.498691 0.384765 0.37941 0.380195 0.37832 0.3709 0.362836 0.380044 0.375081 0.375955 0.37722 0.302176 0.3169 0.315006 0.308428 0.31027 0.315944 0.312399 0.31621 0.31479 0.314089 0.226112 0.230077 0.231822 0.229404 0.21709 0.223208 0.228331 0.227457 0.222264 0.225131 0.342318 0.340341 0.347756 0.347907 0.349831 0.350436 0.344495 0.351416 0.345443 0.347336 0.235213 0.242693 0.247489 0.24586 0.243271 0.249375 0.232388 0.241728 0.240892 0.25125 0.316221 0.311695 0.307757 0.313418 0.319596 0.324161 0.315222 0.313938 0.31481 0.309356 
0.300823 0.296152 0.300441 0.300597 0.299267 0.304442 0.306665 0.302326 0.308627 0.298091 0.154189 0.145203 0.148058 0.145763 0.151264 0.151406 0.147146 0.146562 0.149604 0.150383 0.313793 0.313365 0.306944 0.321433 0.320485 0.308283 0.31115 0.32631 0.309975 0.31352 0.499105 0.5 0.498519 0.498693 0.498354 0.498939 0.497651 0.49944 0.49883 0.498872 0.374916 0.369996 0.37074 0.367629 0.361315 0.352597 0.370321 0.365029 0.366633 0.367574 0.292999 0.30776 0.305383 0.298919 0.301154 0.306662 0.303415 0.307091 0.305934 0.305056 0.222822 0.227013 0.228686 0.226439 0.214586 0.220204 0.225042 0.2244 0.218943 0.2217 0.340692 0.338389 0.345232 0.345658 0.347809 0.349048 0.342699 0.349916 0.343591 0.345146 0.238148 0.245733 0.250665 0.249227 0.246481 0.252962 0.235479 0.245715 0.243812 0.25435 0.319457 0.315197 0.311719 0.31739 0.322943 0.32843 0.318802 0.317834 0.31808 0.313137 
0.312943 0.308489 0.312621 0.313008 0.312801 0.317345 0.318981 0.314951 0.321361 0.311384 0.162002 0.152711 0.155937 0.153317 0.159048 0.158988 0.154672 0.154161 0.157219 0.157813 0.322481 0.323196 0.316197 0.330517 0.32975 0.31715 0.321134 0.335701 0.319247 0.322802 0.499592 0.498519 0.5 0.499344 0.497513 0.499644 0.49937 0.499373 0.499328 0.497964 0.392201 0.386664 0.387902 0.385453 0.378578 0.370758 0.387404 0.382437 0.383704 0.384914 0.30418 0.319196 0.316627 0.310376 0.31234 0.318319 0.314263 0.318098 0.316975 0.316243 0.233068 0.236984 0.23865 0.23623 0.224037 0.230072 0.235276 0.234445 0.22898 0.231843 0.352189 0.350233 0.357749 0.357647 0.359794 0.360565 0.354517 0.361475 0.355369 0.35703 0.233561 0.241033 0.2458 0.243991 0.241443 0.247174 0.230438 0.239775 0.238617 0.249484 0.320561 0.315875 0.312101 0.318046 0.324122 0.328221 0.319313 0.318131 0.319183 0.313705 
0.305398 0.301486 0.305132 0.305805 0.306174 0.310105 0.312388 0.30757 0.314419 0.304477 0.157868 0.148794 0.151748 0.149211 0.154982 0.154793 0.150575 0.149872 0.152825 0.153719 0.325384 0.325962 0.319161 0.333665 0.331808 0.320067 0.323223 0.338295 0.322122 0.325321 0.498733 0.498693 0.499344 0.5 0.498416 0.499888 0.498531 0.499386 0.498573 0.498267 0.388545 0.383091 0.384329 0.380879 0.375169 0.366553 0.383544 0.378153 0.380446 0.381739 0.301655 0.316922 0.313368 0.307471 0.30984 0.315561 0.311215 0.315247 0.314386 0.313537 0.230512 0.234305 0.23594 0.233699 0.221662 0.227593 0.232493 0.232072 0.226215 0.228942 0.357084 0.354883 0.362338 0.362253 0.36453 0.36566 0.359177 0.365964 0.360181 0.361688 0.233526 0.240968 0.246157 0.24413 0.241724 0.247668 0.230521 0.240453 0.238404 0.249647 0.325316 0.320771 0.317514 0.32297 0.328898 0.333564 0.324059 0.323228 0.324012 0.318761 
0.308863 0.305403 0.308256 0.308949 0.308432 0.313225 0.315664 0.311022 0.317503 0.305636 0.166393 0.156848 0.159689 0.157447 0.16309 0.163372 0.158794 0.158246 0.160927 0.162315 0.336819 0.336414 0.329924 0.344511 0.343512 0.331433 0.333923 0.349036 0.332848 0.336722 0.497606 0.498354 0.497513 0.498416 0.5 0.498646 0.497345 0.49869 0.497662 0.496354 0.386256 0.382324 0.382865 0.379014 0.373707 0.365049 0.382155 0.37663 0.379425 0.379609 0.308961 0.323936 0.320584 0.314703 0.317008 0.323431 0.319274 0.32311 0.322695 0.321235 0.23614 0.240094 0.241815 0.239578 0.227106 0.233296 0.238099 0.237729 0.232028 0.234666 0.35785 0.355589 0.361706 0.362626 0.364253 0.365186 0.358608 0.365979 0.360659 0.362242 0.254365 0.262188 0.26744 0.265371 0.263082 0.269318 0.251587 0.26198 0.259787 0.270937 0.340498 0.336236 0.332798 0.337899 0.343965 0.349355 0.339656 0.338751 0.3391 0.333866 
0.306933 0.302875 0.306595 0.307146 0.307213 0.311525 0.313517 0.309103 0.315674 0.305372 0.160137 0.150843 0.153885 0.151415 0.157082 0.157076 0.152702 0.152145 0.155057 0.155964 0.325278 0.325923 0.319006 0.333514 0.332259 0.320014 0.323404 0.338352 0.321975 0.32554 0.499284 0.498939 0.499644 0.499888 0.498646 0.5 0.499154 0.499526 0.498918 0.498345 0.389172 0.383825 0.384872 0.381827 0.375725 0.367291 0.384282 0.378991 0.380958 0.38216 0.304741 0.319875 0.316753 0.310665 0.312913 0.318644 0.314493 0.318476 0.317478 0.316654 0.230591 0.234443 0.236077 0.233805 0.22161 0.227657 0.232655 0.232099 0.226447 0.229149 0.35495 0.35284 0.360222 0.360312 0.362405 0.363261 0.357086 0.363782 0.358067 0.359785 0.235846 0.243332 0.248437 0.246514 0.244075 0.249979 0.232889 0.242597 0.240989 0.252024 0.324498 0.319941 0.316479 0.321989 0.328083 0.332699 0.323298 0.322344 0.323148 0.317763 
0.307957 0.303775 0.307422 0.307871 0.307754 0.312635 0.313674 0.310333 0.316362 0.30545 0.164287 0.154438 0.157769 0.155495 0.160781 0.161262 0.156455 0.156339 0.159096 0.160041 0.324295 0.325715 0.317992 0.332744 0.332844 0.319162 0.323396 0.337921 0.320861 0.325726 0.499426 0.497651 0.49937 0.498531 0.497345 0.499154 0.5 0.498266 0.498271 0.497467 0.391947 0.386388 0.387204 0.385555 0.378132 0.370435 0.387041 0.382044 0.3832 0.384475 0.313313 0.328213 0.326107 0.319546 0.321424 0.327094 0.322998 0.327126 0.325632 0.325013 0.229603 0.233406 0.235069 0.232781 0.219934 0.226561 0.231771 0.230988 0.225861 0.22846 0.349856 0.348068 0.355724 0.356005 0.35773 0.357704 0.352326 0.358402 0.353336 0.355641 0.235126 0.24266 0.247532 0.245657 0.24335 0.248993 0.232292 0.241154 0.240847 0.251269 0.318808 0.313983 0.310032 0.315375 0.322089 0.326322 0.317282 0.316011 0.317201 0.311421 
0.311321 0.307013 0.310902 0.311467 0.310575 0.315295 0.317468 0.312965 0.319651 0.309488 0.1589 0.149888 0.152887 0.150309 0.15609 0.15599 0.151855 0.151211 0.154178 0.154885 0.323521 0.323313 0.316965 0.331161 0.330034 0.318039 0.321155 0.336252 0.319897 0.323239 0.499157 0.49944 0.499373 0.499386 0.49869 0.499526 0.498266 0.5 0.49935 0.498086 0.384824 0.379916 0.381256 0.377772 0.37158 0.363667 0.380394 0.375216 0.377177 0.377723 0.297372 0.312428 0.30959 0.303397 0.305558 0.311888 0.307839 0.31157 0.310806 0.309742 0.234692 0.238848 0.240535 0.238257 0.226147 0.231957 0.236905 0.236294 0.230651 0.23346 0.35136 0.349163 0.355898 0.356182 0.3585 0.359787 0.353192 0.360741 0.354501 0.355708 0.239418 0.247179 0.251847 0.250077 0.247519 0.253539 0.236389 0.246543 0.244455 0.255426 0.327322 0.322703 0.319192 0.325112 0.330645 0.335512 0.326134 0.325118 0.325764 0.320793 
0.315518 0.311062 0.315172 0.315294 0.314641 0.319444 0.32169 0.317146 0.323619 0.313089 0.164254 0.155341 0.158394 0.155769 0.161687 0.161531 0.157388 0.156566 0.160086 0.160483 0.322125 0.321572 0.314554 0.329287 0.328237 0.316059 0.319739 0.333746 0.317912 0.321156 0.499376 0.49883 0.499328 0.498573 0.497662 0.498918 0.498271 0.49935 0.5 0.498097 0.388233 0.383392 0.384447 0.382074 0.374945 0.36687 0.383968 0.379101 0.380158 0.381159 0.297056 0.31179 0.309401 0.303366 0.305018 0.31158 0.307718 0.31127 0.310487 0.309364 0.233808 0.237666 0.239634 0.236901 0.224902 0.230783 0.235864 0.234982 0.229452 0.232833 0.345963 0.34387 0.350914 0.3507 0.352741 0.354078 0.346955 0.355363 0.348664 0.34979 0.240108 0.247565 0.252318 0.250397 0.247789 0.254173 0.236955 0.246802 0.245077 0.255921 0.32468 0.32037 0.316355 0.322258 0.328064 0.332334 0.323997 0.322614 0.323558 0.318274 
0.289331 0.284975 0.28901 0.289254 0.288911 0.293405 0.295672 0.291014 0.297656 0.287539 0.147604 0.138997 0.141761 0.139614 0.144908 0.145039 0.140825 0.140133 0.143452 0.144128 0.305885 0.305956 0.298337 0.313833 0.312095 0.299876 0.302932 0.31766 0.301375 0.305452 0.498691 0.498872 0.497964 0.498267 0.496354 0.498345 0.497467 0.498086 0.498097 0.5 0.370445 0.364623 0.365573 0.363402 0.35626 0.347289 0.365225 0.359939 0.361316 0.363252 0.286507 0.301322 0.298868 0.292479 0.294537 0.2996 0.295904 0.300019 0.298522 0.297882 0.21313 0.216849 0.218751 0.216474 0.204433 0.2104 0.215009 0.214608 0.209122 0.212096 0.332965 0.330677 0.338533 0.338254 0.340575 0.341831 0.334912 0.341931 0.336122 0.337636 0.224209 0.231488 0.236625 0.234776 0.232365 0.239171 0.221698 0.231742 0.229838 0.240085 0.308796 0.304433 0.300973 0.305807 0.311635 0.317001 0.307722 0.306696 0.307413 0.302478 
0.406233 0.407236 0.407633 0.407645 0.421479 0.417824 0.41716 0.415016 0.417329 0.409132 0.295702 0.285073 0.29087 0.283738 0.293489 0.288614 0.285645 0.284276 0.286464 0.28607 0.398982 0.405619 0.400722 0.405043 0.406037 0.398425 0.410667 0.41102 0.406245 0.399868 0.384765 0.374916 0.392201 0.388545 0.386256 0.389172 0.391947 0.384824 0.388233 0.370445 0.5 0.499194 0.498951 0.498801 0.499068 0.496607 0.499551 0.499073 0.498597 0.499517 0.388468 0.399157 0.391081 0.393801 0.392766 0.403893 0.396284 0.396683 0.401089 0.399103 0.314311 0.313195 0.313668 0.307737 0.301253 0.306287 0.314999 0.310728 0.305467 0.309791 0.431161 0.432798 0.439066 0.435495 0.432517 0.429574 0.427918 0.434949 0.428491 0.431196 0.242115 0.245659 0.250981 0.246803 0.244839 0.243658 0.234662 0.23565 0.239406 0.254431 0.335858 0.333308 0.327652 0.336675 0.346413 0.336454 0.337306 0.334846 0.33967 0.328532 
0.413739 0.415345 0.415014 0.414928 0.428542 0.42512 0.424835 0.422588 0.424481 0.415054 0.310127 0.299664 0.305301 0.29805 0.308057 0.303011 0.300248 0.298692 0.300704 0.300484 0.408184 0.413806 0.409579 0.413233 0.414637 0.407626 0.419631 0.418969 0.415328 0.408354 0.37941 0.369996 0.386664 0.383091 0.382324 0.383825 0.386388 0.379916 0.383392 0.364623 0.499194 0.5 0.499253 0.49859 0.499569 0.497204 0.499826 0.499454 0.499308 0.499205 0.39063 0.400807 0.392615 0.39587 0.394592 0.406727 0.399208 0.399113 0.404312 0.401657 0.322732 0.321433 0.321974 0.315725 0.309677 0.314518 0.323262 0.318795 0.313612 0.318165 0.432045 0.433681 0.438678 0.435594 0.43208 0.429283 0.427214 0.435336 0.428732 0.431155 0.255655 0.259033 0.26435 0.259951 0.258031 0.256549 0.247861 0.24856 0.25235 0.267743 0.346188 0.344095 0.338199 0.347363 0.357135 0.346682 0.348282 0.345665 0.3504 0.339066 
0.417989 0.420001 0.419132 0.41992 0.433585 0.42946 0.429132 0.42652 0.429386 0.421423 0.300068 0.290175 0.295888 0.288293 0.298512 0.293163 0.290895 0.289229 0.291113 0.290587 0.409382 0.41508 0.410997 0.41442 0.415217 0.408631 0.420496 0.420405 0.416256 0.409452 0.380195 0.37074 0.387902 0.384329 0.382865 0.384872 0.387204 0.381256 0.384447 0.365573 0.498951 0.499253 0.5 0.49856 0.499255 0.498522 0.499554 0.499256 0.499806 0.499057 0.381425 0.392349 0.383897 0.386859 0.385701 0.398699 0.390017 0.390329 0.395667 0.392902 0.333319 0.331998 0.332552 0.326507 0.320252 0.325234 0.333827 0.329609 0.32425 0.328754 0.435828 0.437482 0.442357 0.439067 0.436331 0.433929 0.43123 0.439751 0.433386 0.43496 0.248784 0.252699 0.257397 0.252801 0.251132 0.249581 0.240939 0.242241 0.245196 0.260572 0.348518 0.345702 0.339999 0.349289 0.358536 0.347994 0.349456 0.346886 0.352039 0.341257 
